3 0.455618 0.366750 0.141955 0.282500
1 0.577128 0.346250 0.150266 0.295500
1 0.326629 0.352250 0.118684 0.295500
1 0.227726 0.382250 0.105718 0.270500
2 0.151928 0.408000 0.089761 0.246000
2 0.273438 0.655750 0.129322 0.328500
1 0.377327 0.635500 0.099734 0.278000
1 0.466423 0.627250 0.097739 0.256500
2 0.716257 0.634500 0.118019 0.313000
1 0.676197 0.357000 0.093750 0.300000
1 0.774269 0.380750 0.100399 0.250500
2 0.805685 0.606750 0.084109 0.221500
1 0.843085 0.409000 0.065824 0.218000
2 0.548039 0.641250 0.080785 0.248500
1 0.619515 0.613500 0.098072 0.263000
2 0.179854 0.649750 0.101729 0.216500
