2 0.567653 0.384500 0.139960 0.216000
0 0.665891 0.378500 0.098404 0.225000
3 0.744182 0.384750 0.084109 0.227500
3 0.317487 0.447000 0.111702 0.235000
0 0.221576 0.479500 0.084774 0.216000
1 0.442320 0.403500 0.146609 0.235000
3 0.430352 0.593000 0.091423 0.221000
3 0.279422 0.643750 0.097407 0.244500
0 0.664561 0.589500 0.101064 0.243000
2 0.578790 0.561500 0.081782 0.184000
1 0.502161 0.577750 0.088763 0.229500
1 0.735871 0.556000 0.078125 0.185000
2 0.356383 0.600250 0.110372 0.222500
2 0.206449 0.647500 0.078457 0.179000
1 0.155253 0.529250 0.079787 0.215500
1 0.799867 0.407500 0.061835 0.185000
0 0.848570 0.421250 0.050199 0.190500
1 0.790226 0.558250 0.062500 0.161500
