0 0.591922 0.355250 0.177859 0.316500
0 0.751164 0.370250 0.135971 0.337500
0 0.847074 0.381500 0.097074 0.370000
0 0.172540 0.341000 0.132979 0.353000
3 0.057015 0.353500 0.107380 0.339000
3 0.053524 0.576750 0.099069 0.224500
0 0.649767 0.592000 0.125997 0.336000
0 0.551862 0.617250 0.122340 0.324500
0 0.460106 0.634750 0.109707 0.295500
2 0.357214 0.597500 0.124668 0.314000
0 0.248338 0.614500 0.150266 0.331000
1 0.136137 0.592750 0.125997 0.249500
2 0.749834 0.620000 0.108045 0.245000
0 0.751330 0.630500 0.117021 0.268000
2 0.832945 0.643750 0.094082 0.234500
1 0.899102 0.640500 0.088763 0.239000
