3 0.594249 0.365500 0.197141 0.286000
2 0.404255 0.392250 0.184176 0.331500
3 0.268617 0.421500 0.142287 0.303000
3 0.844747 0.412000 0.099734 0.285000
3 0.739029 0.386500 0.124335 0.286000
3 0.145944 0.417500 0.136968 0.326000
0 0.609541 0.652750 0.101396 0.359500
0 0.509641 0.650250 0.103723 0.318500
3 0.392620 0.670750 0.139628 0.277500
2 0.297374 0.668000 0.121343 0.264000
0 0.190991 0.710000 0.124668 0.293000
2 0.789727 0.682250 0.114694 0.315500
3 0.696476 0.639750 0.071809 0.268500
2 0.858045 0.677250 0.067819 0.254500
3 0.956782 0.469250 0.056516 0.234500
3 0.031416 0.488250 0.059508 0.204500
1 0.098238 0.672750 0.083444 0.193500
