0 0.429521 0.378000 0.179521 0.397000
1 0.575964 0.362250 0.173870 0.394500
1 0.685505 0.367250 0.121011 0.321500
1 0.732380 0.702500 0.145612 0.412000
1 0.277094 0.359000 0.159242 0.362000
1 0.157746 0.388250 0.152593 0.389500
2 0.796210 0.384000 0.127660 0.365000
1 0.870013 0.433500 0.080452 0.282000
2 0.213930 0.745250 0.166556 0.406500
2 0.333278 0.692000 0.122673 0.362000
2 0.434840 0.708000 0.121011 0.336000
2 0.527593 0.722250 0.111037 0.353500
1 0.612035 0.718500 0.113697 0.373000
1 0.727892 0.699000 0.147939 0.413000
1 0.818318 0.670250 0.107380 0.308500
1 0.936669 0.665500 0.117354 0.262000
1 0.086769 0.713500 0.125000 0.295000
1 0.062666 0.439250 0.124668 0.309500
0 0.956948 0.437250 0.082779 0.270500
