3 0.140126 0.379750 0.147939 0.317500
3 0.278092 0.338000 0.137965 0.283000
2 0.440658 0.352500 0.192487 0.330000
2 0.609209 0.371750 0.179854 0.307500
2 0.748005 0.390000 0.114362 0.305000
3 0.829289 0.445500 0.106051 0.338000
3 0.061835 0.648500 0.123005 0.284000
0 0.178524 0.583000 0.114362 0.257000
2 0.269116 0.577500 0.122008 0.265000
1 0.386469 0.561500 0.127992 0.265000
1 0.494016 0.558500 0.117021 0.258000
1 0.605552 0.588500 0.116024 0.276000
2 0.713098 0.605000 0.128324 0.288000
0 0.794049 0.633250 0.078125 0.220500
