3 0.626330 0.377750 0.158910 0.306500
3 0.772440 0.388500 0.153258 0.318000
2 0.463265 0.389500 0.167221 0.285000
2 0.334275 0.379500 0.125332 0.281000
2 0.210273 0.403500 0.123338 0.313000
2 0.099734 0.409250 0.105053 0.278500
2 0.316323 0.686000 0.098072 0.310000
3 0.531915 0.672250 0.101064 0.301500
2 0.425033 0.680000 0.106051 0.302000
3 0.615858 0.671500 0.102061 0.287000
2 0.710106 0.654750 0.110372 0.251500
2 0.811336 0.653000 0.108045 0.250000
2 0.211104 0.674250 0.124335 0.254500
1 0.120678 0.645250 0.105718 0.215500
2 0.810505 0.661500 0.103059 0.278000
2 0.870512 0.388750 0.084109 0.302500
1 0.871177 0.652250 0.092753 0.237500
1 0.942985 0.410250 0.082114 0.304500
