3 0.245180 0.352500 0.155253 0.328000
3 0.100731 0.413750 0.136968 0.334500
3 0.509309 0.683000 0.138963 0.308000
2 0.382812 0.681500 0.141955 0.298000
1 0.632812 0.682000 0.133311 0.331000
2 0.758311 0.695000 0.124335 0.348000
2 0.246177 0.714250 0.140625 0.375500
2 0.136137 0.731750 0.126662 0.356500
0 0.041057 0.778750 0.080785 0.288500
2 0.424202 0.348000 0.194149 0.366000
2 0.622340 0.366000 0.196144 0.334000
2 0.799368 0.381500 0.129322 0.344000
0 0.893451 0.434000 0.084774 0.371000
2 0.849235 0.680750 0.080785 0.254500
