3 0.596742 0.350500 0.200133 0.319000
0 0.410904 0.361750 0.201463 0.335500
3 0.160572 0.404500 0.154255 0.311000
3 0.278424 0.380000 0.121343 0.315000
3 0.205785 0.706750 0.132314 0.344500
3 0.623172 0.674000 0.114694 0.397000
3 0.858544 0.386000 0.123338 0.329000
2 0.746509 0.377500 0.133976 0.310000
0 0.046376 0.443250 0.086769 0.248500
1 0.410904 0.667250 0.132979 0.307500
3 0.525100 0.629250 0.121343 0.310500
1 0.309840 0.674750 0.119681 0.288500
2 0.712766 0.651250 0.082447 0.301500
2 0.804854 0.698250 0.125665 0.354500
1 0.125997 0.679250 0.102394 0.245500
