2 0.567985 0.369750 0.161902 0.264500
1 0.415725 0.382250 0.158577 0.251500
2 0.286735 0.422500 0.127327 0.239000
2 0.179521 0.455000 0.106383 0.226000
2 0.518451 0.624250 0.093418 0.241500
2 0.257979 0.702000 0.093085 0.293000
2 0.342919 0.644500 0.124003 0.259000
2 0.434674 0.626250 0.102061 0.242500
3 0.682015 0.380750 0.124668 0.318500
2 0.693816 0.637000 0.109043 0.242000
1 0.596077 0.609500 0.096410 0.226000
1 0.175366 0.671500 0.106051 0.223000
2 0.084109 0.489750 0.091755 0.213500
2 0.759142 0.402250 0.088098 0.233500
1 0.763630 0.596750 0.098404 0.193500
