1 0.424383 0.405671 0.129630 0.276042
0 0.557485 0.416377 0.135417 0.247106
1 0.589410 0.624855 0.092400 0.180266
1 0.669078 0.637297 0.093557 0.219618
1 0.521123 0.633825 0.074653 0.186053
1 0.452064 0.633247 0.083140 0.193576
1 0.374711 0.630932 0.091628 0.201100
1 0.290220 0.632523 0.095486 0.212963
2 0.319348 0.403212 0.088542 0.221933
2 0.230710 0.373119 0.103395 0.268808
2 0.165509 0.376736 0.072531 0.210648
1 0.099730 0.392506 0.087577 0.209201
1 0.208623 0.651331 0.088542 0.189815
2 0.128183 0.605758 0.102816 0.166956
2 0.657407 0.409867 0.084105 0.242766
1 0.712288 0.390625 0.067323 0.205440
1 0.724151 0.625000 0.064429 0.205440
