1 0.592207 0.455006 0.154321 0.288484
0 0.438079 0.446470 0.150849 0.262731
1 0.300058 0.417535 0.116319 0.271412
1 0.197917 0.459635 0.101852 0.211516
2 0.721258 0.467014 0.117670 0.267940
2 0.469232 0.664352 0.093557 0.223380
1 0.369020 0.693576 0.111883 0.231481
2 0.269097 0.676071 0.101852 0.272280
2 0.556520 0.689525 0.103009 0.251736
1 0.648534 0.712529 0.094907 0.232350
1 0.735822 0.694010 0.093557 0.232350
1 0.801601 0.655382 0.100502 0.196759
1 0.803819 0.442853 0.068287 0.250868
1 0.100212 0.457755 0.095486 0.223958
1 0.175347 0.648438 0.087577 0.194444
1 0.097801 0.633825 0.105324 0.174479
1 0.864680 0.449942 0.072338 0.250000
