2 0.554398 0.325376 0.148148 0.334780
0 0.763407 0.302228 0.114776 0.256655
2 0.659240 0.327112 0.089699 0.282118
3 0.407793 0.345631 0.143133 0.360822
0 0.209587 0.296875 0.114390 0.263310
3 0.305266 0.319878 0.107060 0.264757
3 0.255691 0.625579 0.107060 0.291667
3 0.688947 0.605613 0.119020 0.303819
2 0.512924 0.634983 0.109568 0.285590
2 0.423708 0.616898 0.099730 0.271412
3 0.520351 0.639612 0.114776 0.282118
3 0.589796 0.611545 0.108989 0.270544
2 0.353974 0.613281 0.077160 0.285590
0 0.106867 0.486400 0.106481 0.193866
0 0.782697 0.558594 0.099344 0.215567
0 0.903356 0.500434 0.111883 0.191840
