3 0.573302 0.407552 0.157407 0.248553
0 0.504051 0.688513 0.091049 0.301215
1 0.593654 0.654948 0.093943 0.264178
2 0.691551 0.637153 0.097994 0.241898
0 0.769676 0.650608 0.087191 0.232928
3 0.784336 0.424334 0.103395 0.192998
3 0.691551 0.422888 0.097994 0.222512
3 0.421489 0.415654 0.156250 0.269387
0 0.308738 0.416088 0.119792 0.265625
2 0.319059 0.644676 0.119599 0.239005
2 0.413484 0.658854 0.098958 0.231481
2 0.185282 0.575666 0.106289 0.175058
1 0.220583 0.443576 0.100887 0.166088
1 0.245467 0.608652 0.078125 0.201100
2 0.832755 0.633102 0.075617 0.217593
