0 0.384066 0.606481 0.101466 0.181713
0 0.475405 0.594618 0.081983 0.162616
0 0.552566 0.396557 0.172261 0.303530
0 0.396701 0.380208 0.153356 0.291667
1 0.272087 0.396123 0.130594 0.249421
1 0.176601 0.390914 0.073110 0.201968
1 0.727913 0.370949 0.106289 0.247685
3 0.880980 0.352286 0.094907 0.185475
2 0.671007 0.643808 0.119020 0.292245
2 0.562693 0.646557 0.125000 0.248553
2 0.194059 0.613571 0.118827 0.253762
0 0.291184 0.592737 0.088542 0.201678
1 0.114294 0.545284 0.102816 0.175058
0 0.110147 0.361111 0.069830 0.186921
