0 0.543885 0.399450 0.177662 0.349248
0 0.386767 0.421007 0.177083 0.373264
0 0.759356 0.404369 0.125579 0.290799
0 0.687789 0.650174 0.113233 0.275463
0 0.651717 0.406539 0.094329 0.271412
0 0.518711 0.667245 0.101466 0.254630
0 0.422164 0.673900 0.122106 0.265046
0 0.346547 0.660301 0.088542 0.241898
0 0.251061 0.657986 0.127122 0.315972
0 0.191165 0.380498 0.135031 0.295139
2 0.286169 0.403212 0.106289 0.309317
0 0.601177 0.653212 0.081597 0.258970
0 0.768904 0.608652 0.101466 0.209780
0 0.065490 0.503617 0.099344 0.198785
