1 0.408372 0.385706 0.156636 0.270255
1 0.555748 0.403791 0.161651 0.261863
0 0.747685 0.406829 0.096451 0.257523
0 0.666088 0.401620 0.092593 0.263310
2 0.294078 0.399740 0.115162 0.206308
2 0.201389 0.383102 0.092978 0.223380
0 0.249035 0.614873 0.082562 0.210648
2 0.339313 0.604601 0.094907 0.246238
2 0.426890 0.614149 0.096836 0.232928
2 0.514660 0.621962 0.092593 0.254340
2 0.596258 0.612703 0.096451 0.259549
2 0.671682 0.651910 0.113812 0.278935
2 0.744020 0.621672 0.097994 0.234664
1 0.178916 0.604601 0.102431 0.201678
1 0.130112 0.385706 0.081211 0.188657
2 0.862172 0.572193 0.102816 0.175058
0 0.807774 0.417679 0.068094 0.222512
