0 0.448592 0.409288 0.135995 0.226562
0 0.575617 0.410012 0.133488 0.236690
3 0.529321 0.649450 0.076775 0.233507
0 0.237558 0.379630 0.102816 0.266782
0 0.329668 0.352141 0.118056 0.265625
2 0.371624 0.628183 0.097801 0.202546
2 0.609375 0.654948 0.096836 0.247396
2 0.689429 0.676939 0.082562 0.259549
2 0.769194 0.422743 0.097415 0.266204
0 0.673225 0.432436 0.106096 0.241030
0 0.167149 0.398438 0.080440 0.200231
2 0.288194 0.642216 0.104552 0.249711
1 0.215085 0.593750 0.082948 0.199074
2 0.451968 0.619792 0.094522 0.200231
1 0.746335 0.634983 0.079475 0.192998
