2 0.438561 0.343895 0.158758 0.350984
1 0.586130 0.353154 0.174190 0.372396
1 0.705826 0.364149 0.103781 0.339988
1 0.816647 0.386140 0.126736 0.324363
1 0.279032 0.326389 0.136381 0.370949
1 0.163966 0.359375 0.128086 0.315394
1 0.075521 0.394242 0.111304 0.291377
1 0.100694 0.684028 0.121142 0.307292
1 0.219907 0.697338 0.153935 0.397569
1 0.340085 0.669126 0.117284 0.339988
1 0.449942 0.684606 0.124035 0.350116
1 0.536169 0.693576 0.097029 0.328125
1 0.626736 0.686632 0.115741 0.352431
1 0.739294 0.679253 0.141011 0.374711
1 0.853492 0.674624 0.100502 0.313947
1 0.907697 0.418403 0.076196 0.281829
