2 0.550251 0.396991 0.149498 0.254051
2 0.292535 0.398438 0.101659 0.249421
2 0.414352 0.403067 0.144676 0.274884
1 0.670621 0.401765 0.102816 0.218461
3 0.758584 0.384259 0.101273 0.251736
2 0.250386 0.611111 0.108025 0.255208
1 0.346547 0.595920 0.098958 0.232350
2 0.255883 0.609375 0.109375 0.271991
2 0.347222 0.598090 0.094522 0.236690
2 0.706019 0.603877 0.123457 0.228009
1 0.607928 0.601997 0.089313 0.209780
1 0.524981 0.598814 0.092014 0.204572
1 0.440779 0.598380 0.102238 0.219907
1 0.170042 0.574942 0.097801 0.228009
1 0.130787 0.398003 0.086806 0.209780
1 0.056038 0.403935 0.087770 0.190972
2 0.833140 0.400608 0.067130 0.195891
1 0.520255 0.615307 0.104167 0.210359
2 0.434606 0.612558 0.096451 0.201968
2 0.349248 0.595486 0.107060 0.214120
2 0.250096 0.625579 0.122106 0.298611
2 0.164931 0.580729 0.088735 0.177083
0 0.781057 0.565828 0.100694 0.198206
1 0.852623 0.532986 0.079090 0.164352
