1 0.092689 0.396991 0.114776 0.258102
1 0.226755 0.421586 0.155285 0.277199
1 0.392168 0.418692 0.189043 0.323495
1 0.580729 0.426360 0.190008 0.325521
1 0.724633 0.411892 0.134452 0.264757
1 0.833912 0.356047 0.121528 0.293692
1 0.934124 0.311343 0.089699 0.173611
1 0.079861 0.631655 0.131559 0.225694
1 0.146605 0.665365 0.108025 0.226562
2 0.254630 0.701100 0.133102 0.266204
0 0.370370 0.695747 0.119599 0.255498
2 0.494406 0.701968 0.117670 0.263310
2 0.600694 0.693866 0.116127 0.243056
3 0.706308 0.685619 0.110532 0.290220
3 0.804205 0.677373 0.139275 0.309606
1 0.888600 0.631366 0.114390 0.234954
1 0.935860 0.597078 0.106674 0.241609
