2 0.581790 0.403212 0.131559 0.282697
0 0.446181 0.409144 0.121528 0.242477
3 0.349730 0.434317 0.089120 0.186343
2 0.272087 0.445747 0.098958 0.256655
1 0.154803 0.407552 0.067323 0.146123
2 0.750868 0.395255 0.098958 0.265625
1 0.717689 0.556424 0.105903 0.210648
2 0.340181 0.609375 0.081597 0.186343
2 0.421682 0.594907 0.092593 0.158565
1 0.269387 0.616464 0.088542 0.188368
1 0.561246 0.604311 0.077739 0.193576
1 0.714217 0.574508 0.093943 0.195312
1 0.791184 0.574508 0.071566 0.201100
1 0.821373 0.389757 0.071759 0.197917
