2 0.568191 0.423177 0.149884 0.270544
2 0.423900 0.446181 0.135610 0.273727
1 0.302469 0.464699 0.128086 0.232060
1 0.192998 0.458478 0.109761 0.232928
1 0.096547 0.443576 0.086998 0.216435
2 0.089796 0.637587 0.077739 0.165220
2 0.162326 0.657986 0.088156 0.186921
1 0.244888 0.673177 0.093943 0.217303
1 0.334201 0.666088 0.118248 0.223958
1 0.434896 0.673900 0.107832 0.221644
2 0.535204 0.657986 0.114776 0.228588
2 0.634163 0.648003 0.098958 0.201100
2 0.710069 0.619792 0.090664 0.202546
2 0.682581 0.420284 0.098958 0.211516
2 0.769387 0.410156 0.092400 0.258391
1 0.835938 0.367188 0.057292 0.226852
1 0.763214 0.600550 0.066165 0.174479
1 0.820409 0.578993 0.068673 0.144676
1 0.855903 0.545862 0.080633 0.151331
