1 0.555459 0.402054 0.157215 0.243345
1 0.407118 0.391204 0.158372 0.266204
1 0.862847 0.576100 0.094522 0.165509
1 0.175347 0.606481 0.094522 0.199653
0 0.202353 0.389468 0.111883 0.236111
0 0.289931 0.392216 0.099923 0.221933
0 0.253569 0.617622 0.091628 0.241030
0 0.331694 0.600405 0.101273 0.233796
2 0.423515 0.615307 0.093943 0.199363
2 0.509259 0.621962 0.100309 0.220197
0 0.595100 0.632089 0.103009 0.250868
0 0.673032 0.623843 0.096451 0.218171
2 0.744213 0.620081 0.095293 0.221065
2 0.668692 0.398727 0.092014 0.260417
0 0.745274 0.396846 0.079668 0.256655
0 0.806038 0.416956 0.072724 0.204861
