2 0.577739 0.324219 0.138503 0.287905
2 0.441262 0.326389 0.125579 0.289352
2 0.329958 0.331453 0.105903 0.246238
2 0.244888 0.313368 0.081211 0.242477
2 0.753086 0.331453 0.094522 0.253762
1 0.190008 0.297454 0.067130 0.201968
1 0.153067 0.458044 0.095486 0.196759
2 0.464506 0.573206 0.092978 0.241319
2 0.371721 0.568866 0.107253 0.255208
1 0.588156 0.565683 0.091049 0.215856
1 0.666088 0.577112 0.083719 0.249132
2 0.743924 0.571904 0.088156 0.246238
1 0.805748 0.526331 0.065201 0.215856
1 0.831308 0.306279 0.061921 0.212095
