1 0.387731 0.389468 0.142747 0.257523
1 0.543113 0.409722 0.161073 0.245949
0 0.722994 0.390191 0.073302 0.244502
3 0.648920 0.392361 0.092207 0.274884
3 0.170525 0.378617 0.105710 0.201100
2 0.267168 0.392650 0.100309 0.190394
2 0.212481 0.548900 0.086227 0.223380
2 0.474344 0.556858 0.067901 0.213252
2 0.553627 0.564091 0.084877 0.183160
2 0.298322 0.552517 0.092014 0.198785
2 0.386767 0.561487 0.079090 0.166377
3 0.632523 0.570602 0.076775 0.193287
3 0.710938 0.566985 0.080054 0.187211
1 0.124518 0.541956 0.105131 0.167824
2 0.095486 0.383681 0.079090 0.190972
3 0.781057 0.394821 0.046682 0.197627
