0 0.415992 0.337384 0.163387 0.358796
1 0.576292 0.371383 0.163002 0.357350
1 0.266204 0.332321 0.133102 0.334201
1 0.140143 0.352141 0.131752 0.303241
1 0.199942 0.688223 0.127894 0.380498
2 0.316454 0.670428 0.099344 0.313079
1 0.428241 0.680845 0.100309 0.326968
1 0.705343 0.709491 0.151042 0.399884
2 0.593461 0.696470 0.099730 0.326389
1 0.777971 0.412905 0.108025 0.321759
1 0.678337 0.382523 0.120949 0.353588
2 0.810475 0.710214 0.105517 0.268229
1 0.069252 0.703993 0.117284 0.269097
1 0.850212 0.495370 0.072338 0.251157
