2 0.573206 0.420139 0.122106 0.281250
3 0.448110 0.421586 0.117670 0.300347
2 0.335166 0.426649 0.087770 0.213252
2 0.253665 0.423756 0.102238 0.227720
2 0.763985 0.431713 0.101273 0.234954
1 0.192901 0.417245 0.077160 0.217593
1 0.840856 0.404948 0.055556 0.207465
2 0.341725 0.624855 0.097801 0.219039
2 0.707562 0.617188 0.104167 0.208333
1 0.555556 0.620804 0.082948 0.198206
2 0.630112 0.633102 0.071952 0.222801
1 0.429302 0.625289 0.097415 0.231481
1 0.189043 0.568866 0.077160 0.150463
2 0.672647 0.442419 0.091821 0.209491
