3 0.491512 0.279225 0.105324 0.193866
3 0.390046 0.292969 0.110340 0.175058
3 0.575617 0.274884 0.080633 0.181713
3 0.639371 0.296007 0.068866 0.170718
1 0.698688 0.311198 0.061728 0.184896
0 0.299576 0.300781 0.078704 0.164062
2 0.234761 0.314959 0.073688 0.156539
2 0.368538 0.600984 0.065394 0.173611
2 0.422936 0.602720 0.066165 0.174190
1 0.478299 0.612413 0.062307 0.184896
2 0.540220 0.592737 0.065394 0.191262
2 0.603974 0.585938 0.082176 0.207755
2 0.665316 0.574797 0.068287 0.175058
2 0.302566 0.616898 0.072724 0.210069
0 0.249325 0.598958 0.057292 0.207176
0 0.210938 0.559317 0.043017 0.157407
2 0.738522 0.531105 0.072338 0.132234
