3 0.547357 0.377894 0.121335 0.269097
3 0.630208 0.404948 0.087963 0.188368
3 0.703125 0.403501 0.092593 0.206308
3 0.773341 0.395255 0.071759 0.173611
1 0.433546 0.371238 0.116319 0.307870
2 0.326678 0.394965 0.097415 0.226273
1 0.260417 0.353443 0.094522 0.232350
1 0.194444 0.367911 0.081019 0.212095
1 0.387056 0.599682 0.079668 0.208623
1 0.531539 0.599826 0.079668 0.236690
1 0.461998 0.607639 0.086034 0.218171
0 0.668017 0.583189 0.093364 0.219618
0 0.600212 0.588976 0.074653 0.237558
3 0.738040 0.557581 0.072145 0.168403
3 0.306906 0.600839 0.078704 0.201678
3 0.256269 0.564525 0.083912 0.186921
1 0.194155 0.528212 0.068866 0.140914
1 0.127122 0.484664 0.097994 0.157986
