1 0.553434 0.434317 0.154707 0.260417
1 0.408083 0.492332 0.156829 0.405961
1 0.296875 0.417390 0.098380 0.235822
1 0.664641 0.435475 0.100887 0.234375
1 0.518036 0.675058 0.097029 0.231481
1 0.429109 0.669126 0.099344 0.258970
2 0.766204 0.439959 0.104167 0.238715
2 0.192515 0.411024 0.121142 0.270544
2 0.240741 0.676794 0.126929 0.287037
1 0.340567 0.663773 0.104745 0.260995
1 0.602913 0.684751 0.100887 0.276910
2 0.697434 0.696325 0.120177 0.290220
2 0.773630 0.655816 0.103588 0.220775
1 0.839506 0.617043 0.092593 0.180845
1 0.168210 0.634115 0.111883 0.214988
