1 0.239776 0.543837 0.081019 0.236400
1 0.327257 0.568432 0.109375 0.220775
0 0.450521 0.581163 0.157215 0.273438
0 0.604360 0.560041 0.154321 0.293692
0 0.732832 0.557147 0.118056 0.224248
1 0.826389 0.534867 0.087191 0.238715
0 0.891686 0.522135 0.060764 0.220775
1 0.316647 0.754774 0.095872 0.189525
1 0.402778 0.765914 0.100309 0.191551
1 0.491223 0.762297 0.097029 0.139757
1 0.573206 0.773148 0.085455 0.161458
1 0.671103 0.766638 0.103781 0.191840
1 0.764371 0.738426 0.099344 0.194444
1 0.840567 0.699363 0.095486 0.156829
