2 0.473669 0.440683 0.116705 0.228588
1 0.591725 0.471065 0.108989 0.219907
1 0.365355 0.446181 0.087191 0.190394
1 0.289159 0.440683 0.096065 0.196759
1 0.438368 0.658565 0.087770 0.205440
2 0.512731 0.634838 0.069059 0.196181
1 0.730324 0.596499 0.066744 0.180266
1 0.590856 0.653791 0.070602 0.172164
1 0.668596 0.629774 0.074460 0.195312
2 0.684221 0.437934 0.092978 0.227720
2 0.760320 0.436777 0.071952 0.236979
1 0.786362 0.603443 0.047647 0.136285
0 0.820120 0.443721 0.062307 0.197049
2 0.472704 0.433015 0.134452 0.263021
1 0.228684 0.432436 0.070409 0.174479
2 0.349344 0.609954 0.081404 0.196181
1 0.285397 0.585069 0.069637 0.160880
1 0.237944 0.567998 0.059606 0.121528
