0 0.092207 0.385851 0.129244 0.325521
1 0.231771 0.380064 0.139468 0.299479
0 0.393519 0.375289 0.185185 0.327546
0 0.614873 0.376013 0.190008 0.342303
1 0.747299 0.401620 0.121142 0.315394
1 0.856771 0.399884 0.116319 0.323495
1 0.932485 0.468171 0.094907 0.292245
1 0.148148 0.668692 0.111883 0.298032
2 0.249614 0.637153 0.146991 0.262731
2 0.376929 0.649884 0.132716 0.303819
2 0.494117 0.634259 0.128665 0.269676
1 0.617863 0.664931 0.119599 0.332755
1 0.729456 0.701534 0.108603 0.348090
0 0.815490 0.680556 0.081983 0.327546
