0 0.390529 0.400463 0.193480 0.373843
0 0.589410 0.415075 0.188465 0.337674
0 0.755401 0.415075 0.136574 0.330150
2 0.864680 0.407552 0.109761 0.300637
0 0.233218 0.370515 0.121142 0.312211
0 0.134645 0.321615 0.115741 0.313947
1 0.159819 0.565249 0.125579 0.204572
1 0.262731 0.613426 0.117670 0.184028
2 0.385899 0.657552 0.127508 0.193576
2 0.508005 0.669850 0.112847 0.247685
2 0.619792 0.669560 0.115741 0.220486
1 0.735147 0.696615 0.115741 0.282118
1 0.836420 0.655382 0.119599 0.275463
1 0.922550 0.634259 0.083140 0.234375
1 0.062404 0.504485 0.097029 0.195891
