3 0.479842 0.286748 0.113619 0.202546
3 0.370274 0.289931 0.105517 0.204861
3 0.571373 0.286748 0.080247 0.199653
3 0.646508 0.296296 0.071181 0.207176
1 0.707176 0.312645 0.066744 0.175637
2 0.278260 0.310764 0.091628 0.154514
2 0.202643 0.308449 0.079668 0.170718
1 0.151427 0.333044 0.067130 0.146991
2 0.341049 0.620949 0.082176 0.166088
1 0.410590 0.635706 0.065394 0.192708
1 0.467014 0.631655 0.072145 0.177083
2 0.533565 0.628328 0.078704 0.190104
2 0.599248 0.619792 0.090471 0.200810
2 0.664352 0.602286 0.086034 0.188368
2 0.280285 0.616464 0.070602 0.210938
3 0.229360 0.614583 0.066744 0.184606
0 0.171875 0.582610 0.052855 0.201100
