0 0.383681 0.344473 0.222994 0.374711
0 0.217882 0.334201 0.161844 0.331597
3 0.578993 0.324942 0.191551 0.373843
0 0.732832 0.314815 0.129244 0.337384
0 0.839892 0.289207 0.094907 0.308738
2 0.744213 0.646557 0.130015 0.296007
2 0.639082 0.636429 0.109954 0.272859
2 0.522859 0.654948 0.129437 0.314525
2 0.389660 0.649450 0.135031 0.258970
2 0.265143 0.604601 0.130594 0.252025
1 0.141011 0.583333 0.145448 0.281250
1 0.918017 0.289641 0.099923 0.242477
1 0.835938 0.607494 0.100887 0.295428
1 0.919753 0.554832 0.096451 0.228299
2 0.082948 0.299624 0.114198 0.287905
