1 0.090664 0.439236 0.102238 0.173611
1 0.161844 0.451244 0.106481 0.201678
1 0.263117 0.451968 0.141204 0.188657
1 0.410687 0.436777 0.173225 0.212095
1 0.589313 0.435764 0.165895 0.254630
1 0.711806 0.449508 0.104167 0.218461
1 0.799576 0.452691 0.100309 0.194734
1 0.241416 0.599537 0.125965 0.155671
1 0.339988 0.578559 0.112847 0.154225
1 0.448495 0.538050 0.109954 0.206308
1 0.545428 0.541667 0.099344 0.213542
1 0.651331 0.572338 0.098958 0.159144
1 0.729938 0.587963 0.096065 0.158565
1 0.805170 0.577836 0.061343 0.127894
