1 0.412326 0.432870 0.139853 0.267940
1 0.557002 0.437645 0.142554 0.283275
2 0.297357 0.423611 0.114776 0.241898
2 0.242188 0.668692 0.129051 0.278356
2 0.197917 0.410156 0.103781 0.259549
1 0.334973 0.650897 0.090085 0.238137
1 0.423225 0.668403 0.101466 0.226852
1 0.511478 0.675492 0.097801 0.217303
1 0.601562 0.676939 0.102816 0.256076
2 0.693576 0.682870 0.125579 0.285880
1 0.673900 0.441696 0.113233 0.223090
2 0.761960 0.429398 0.103395 0.255208
2 0.777392 0.657986 0.103395 0.228588
1 0.832176 0.618200 0.096451 0.177373
