2 0.577546 0.445747 0.139275 0.253183
2 0.414738 0.437500 0.133102 0.272569
2 0.423515 0.444010 0.155285 0.262442
1 0.301215 0.457031 0.124035 0.229456
1 0.185475 0.454861 0.104745 0.274306
1 0.107832 0.453414 0.096836 0.223380
2 0.677083 0.410446 0.090664 0.206887
2 0.773341 0.396701 0.094136 0.263310
2 0.828318 0.360822 0.055556 0.217593
2 0.708719 0.621528 0.084491 0.202546
3 0.626543 0.657118 0.104167 0.219907
2 0.537230 0.662182 0.100309 0.209780
2 0.435571 0.666377 0.117670 0.202546
1 0.336902 0.678819 0.110532 0.219907
1 0.248843 0.692419 0.096451 0.245949
2 0.170042 0.654080 0.092014 0.189525
