2 0.523823 0.398148 0.116705 0.228588
3 0.160880 0.377025 0.083333 0.185185
2 0.225502 0.358218 0.083333 0.205440
2 0.266975 0.519965 0.069059 0.188657
2 0.614198 0.525463 0.072917 0.182292
2 0.406057 0.380353 0.115741 0.233507
3 0.693480 0.377170 0.084877 0.177951
2 0.615644 0.387587 0.077739 0.192998
2 0.303819 0.370226 0.090664 0.198785
2 0.104745 0.361979 0.061728 0.167824
2 0.749035 0.379630 0.063657 0.173032
2 0.741705 0.506221 0.075231 0.177373
2 0.613426 0.526910 0.075231 0.185185
2 0.145930 0.498987 0.091242 0.149595
