1 0.577836 0.418692 0.193866 0.304977
1 0.391493 0.419560 0.204282 0.349537
1 0.222126 0.412760 0.152199 0.291377
2 0.722704 0.406105 0.114776 0.288484
2 0.835166 0.357494 0.111304 0.285012
0 0.812211 0.678819 0.122492 0.292245
2 0.707562 0.680990 0.112269 0.250868
2 0.604070 0.695023 0.107832 0.237269
2 0.490741 0.694734 0.103781 0.220486
2 0.375482 0.681279 0.117863 0.214410
2 0.255305 0.693287 0.120563 0.278356
2 0.150656 0.647569 0.092593 0.204861
2 0.060957 0.646123 0.084105 0.250579
1 0.889178 0.621383 0.111304 0.224826
1 0.934221 0.315249 0.089506 0.175058
3 0.089796 0.376447 0.115162 0.262153
