1 0.544946 0.436053 0.164738 0.292245
1 0.394772 0.417969 0.156443 0.261863
2 0.277778 0.444300 0.106481 0.191262
2 0.185571 0.415075 0.099923 0.206887
0 0.663098 0.434317 0.102431 0.245370
2 0.234279 0.596788 0.090471 0.186053
2 0.318094 0.604890 0.089892 0.183160
1 0.404900 0.605324 0.084491 0.168981
2 0.488426 0.612703 0.080633 0.214988
2 0.570891 0.616464 0.080054 0.180845
2 0.646316 0.624277 0.084684 0.184896
2 0.730903 0.610822 0.085648 0.168403
0 0.800829 0.442419 0.068094 0.189236
2 0.849248 0.425347 0.060378 0.186343
2 0.793885 0.560764 0.062307 0.111111
2 0.849537 0.541088 0.083719 0.155093
2 0.120563 0.426794 0.080633 0.178819
1 0.153935 0.586372 0.091049 0.156539
