0 0.524016 0.280527 0.100887 0.172743
0 0.426408 0.288194 0.089699 0.179398
3 0.342207 0.304398 0.062114 0.129630
0 0.343654 0.592737 0.054591 0.212674
0 0.285783 0.551071 0.049576 0.135127
0 0.242863 0.525029 0.037037 0.126447
2 0.279032 0.298322 0.062307 0.144676
0 0.610050 0.283709 0.070409 0.186632
0 0.669464 0.300058 0.068480 0.179977
3 0.631752 0.586082 0.082948 0.163484
2 0.562596 0.589410 0.062307 0.159722
2 0.508873 0.599248 0.063657 0.173611
0 0.685764 0.565972 0.073302 0.156250
0 0.769001 0.518519 0.063079 0.106481
1 0.727527 0.310185 0.056520 0.174190
2 0.404707 0.574219 0.061728 0.157118
2 0.460166 0.591869 0.054977 0.160590
