2 0.426794 0.369502 0.178434 0.370949
1 0.608121 0.375723 0.191937 0.360243
2 0.277585 0.347801 0.123843 0.320602
2 0.167631 0.355758 0.125772 0.352141
2 0.227913 0.637876 0.147955 0.357928
1 0.467593 0.642506 0.123071 0.250289
1 0.573399 0.646846 0.116705 0.270544
1 0.695216 0.639323 0.119985 0.282697
2 0.825424 0.660301 0.161651 0.336227
1 0.349923 0.614439 0.125000 0.293692
1 0.772473 0.370370 0.140239 0.295718
2 0.904032 0.358218 0.142168 0.318287
2 0.124421 0.587963 0.123457 0.245370
2 0.929302 0.598814 0.130208 0.245081
