0 0.559510 0.392361 0.169174 0.283565
1 0.403453 0.409433 0.165702 0.305556
1 0.264178 0.377459 0.139468 0.304109
1 0.139757 0.350550 0.118248 0.298900
1 0.692033 0.368634 0.132523 0.246528
1 0.796393 0.337818 0.090085 0.313947
2 0.562693 0.685764 0.106481 0.260417
1 0.646508 0.672454 0.114776 0.279514
1 0.740451 0.698785 0.114776 0.331019
2 0.820891 0.642072 0.088542 0.260417
1 0.369502 0.688368 0.121721 0.278935
1 0.471161 0.676505 0.099344 0.247685
1 0.261960 0.678819 0.135031 0.315972
2 0.147955 0.655093 0.119599 0.283565
1 0.071277 0.620515 0.103974 0.235243
1 0.043113 0.316262 0.074267 0.297454
1 0.872106 0.349682 0.075231 0.254340
