0 0.544174 0.416811 0.140432 0.249132
2 0.419271 0.438802 0.141011 0.245660
2 0.415992 0.418692 0.135610 0.273727
2 0.312693 0.426215 0.084105 0.223380
2 0.646508 0.426071 0.095100 0.206887
2 0.721740 0.396701 0.071181 0.197338
1 0.242477 0.414352 0.077160 0.199653
1 0.187307 0.410880 0.062886 0.170718
1 0.199653 0.551939 0.062886 0.155961
1 0.259452 0.567853 0.075617 0.154803
1 0.331211 0.598669 0.075617 0.152778
2 0.406636 0.610532 0.072145 0.146991
2 0.488812 0.601273 0.074074 0.173032
2 0.562211 0.588976 0.079668 0.170428
2 0.639757 0.598235 0.081597 0.195312
2 0.705343 0.577546 0.058449 0.155093
1 0.760224 0.555990 0.063272 0.174479
1 0.778839 0.403935 0.068866 0.178819
