0 0.549576 0.376013 0.112269 0.284433
0 0.636092 0.403501 0.101273 0.186053
0 0.725791 0.399884 0.087770 0.210648
0 0.260995 0.579282 0.077160 0.193287
1 0.438947 0.373553 0.122492 0.303819
1 0.338349 0.380064 0.091049 0.244502
1 0.263117 0.351707 0.085262 0.241609
2 0.192033 0.352141 0.076196 0.196181
1 0.389468 0.625868 0.078704 0.222801
1 0.468557 0.640480 0.069830 0.241609
1 0.544464 0.604890 0.080054 0.215567
3 0.615644 0.607494 0.070795 0.245081
3 0.681231 0.592014 0.065008 0.222801
0 0.753762 0.570168 0.076196 0.195312
1 0.805170 0.538484 0.064043 0.159144
1 0.866898 0.505064 0.084491 0.143229
1 0.855613 0.345920 0.078125 0.166377
0 0.073302 0.393663 0.067515 0.189525
1 0.135802 0.490741 0.080633 0.176505
1 0.196856 0.535880 0.066551 0.167245
