2 0.583237 0.335938 0.148341 0.289352
2 0.444252 0.324508 0.154321 0.279803
2 0.334394 0.320168 0.102816 0.248553
2 0.253569 0.316406 0.081597 0.235243
1 0.187789 0.301939 0.074653 0.185475
1 0.135320 0.271701 0.061921 0.178819
1 0.153067 0.444010 0.079668 0.187789
2 0.373746 0.572772 0.101273 0.243345
2 0.466049 0.574653 0.086034 0.236690
2 0.584394 0.570891 0.083526 0.229167
2 0.661169 0.567419 0.083526 0.237269
2 0.738812 0.568721 0.075617 0.238137
2 0.749614 0.337963 0.092593 0.247106
1 0.855324 0.504919 0.077160 0.178819
