0 0.095775 0.394821 0.088156 0.165799
0 0.156057 0.438947 0.070988 0.181713
2 0.219907 0.463108 0.086806 0.195312
1 0.307967 0.466869 0.120177 0.221354
0 0.440297 0.463831 0.161073 0.263310
0 0.590856 0.466146 0.158179 0.271991
2 0.680748 0.457755 0.087191 0.242477
1 0.768229 0.435330 0.093557 0.278646
1 0.232253 0.712384 0.101852 0.265625
1 0.307002 0.675492 0.101659 0.219039
1 0.395062 0.685909 0.113812 0.221354
1 0.487076 0.679832 0.096451 0.220775
1 0.582176 0.727141 0.115741 0.274884
1 0.691358 0.733652 0.117284 0.311053
