0 0.545139 0.267361 0.171296 0.242477
3 0.673418 0.255208 0.136960 0.286458
3 0.813465 0.242477 0.159722 0.262731
0 0.383584 0.291811 0.156829 0.241030
3 0.245177 0.284433 0.121142 0.250000
3 0.092785 0.281395 0.184414 0.232350
2 0.154803 0.575666 0.107832 0.225405
2 0.255787 0.571181 0.113812 0.281829
2 0.360822 0.538918 0.111304 0.274016
0 0.461034 0.530816 0.094136 0.293113
0 0.540702 0.543692 0.089120 0.336806
0 0.647280 0.553096 0.113233 0.306424
2 0.753376 0.595775 0.132523 0.350116
2 0.847319 0.581887 0.116705 0.250000
