0 0.594811 0.362703 0.183449 0.345775
0 0.422164 0.391204 0.151813 0.358218
3 0.241898 0.342593 0.138503 0.292245
2 0.335938 0.370081 0.095872 0.305556
0 0.300733 0.627170 0.117670 0.301794
0 0.390625 0.637153 0.098380 0.289352
0 0.481771 0.649016 0.111690 0.255208
0 0.573495 0.657263 0.128086 0.243345
0 0.662905 0.622106 0.085069 0.247106
0 0.753086 0.610822 0.131944 0.310764
0 0.853009 0.560041 0.102238 0.179688
0 0.916570 0.523582 0.088156 0.185475
3 0.817226 0.332321 0.148341 0.304109
2 0.715760 0.379485 0.122492 0.272280
2 0.136574 0.463252 0.103781 0.189236
2 0.899595 0.345631 0.074653 0.209201
2 0.225116 0.569300 0.097994 0.201100
