1 0.195795 0.381076 0.142747 0.292824
1 0.316647 0.420862 0.131752 0.224826
0 0.435957 0.378906 0.150463 0.323206
0 0.585455 0.366898 0.167824 0.292245
1 0.714796 0.401620 0.120563 0.269097
1 0.809028 0.370949 0.102623 0.268519
1 0.883005 0.406395 0.060764 0.206308
1 0.928434 0.392940 0.048225 0.196759
0 0.548129 0.644387 0.112461 0.242477
1 0.471740 0.611834 0.091628 0.210359
0 0.368248 0.612992 0.118056 0.267650
1 0.261381 0.624132 0.109954 0.255208
1 0.167438 0.585359 0.086806 0.170718
1 0.635899 0.599103 0.106674 0.241609
1 0.732832 0.606047 0.100694 0.219039
1 0.816262 0.569155 0.089313 0.181713
