1 0.608410 0.371383 0.183642 0.339988
1 0.432677 0.374855 0.189043 0.363137
1 0.279514 0.359086 0.130787 0.300926
2 0.163291 0.349248 0.140239 0.355324
2 0.898052 0.356481 0.132137 0.330440
1 0.772569 0.361111 0.136960 0.306713
0 0.233025 0.645399 0.146605 0.371817
2 0.356481 0.620804 0.108025 0.282118
2 0.825907 0.651910 0.166474 0.347222
2 0.927855 0.605758 0.131173 0.256076
2 0.690876 0.643953 0.126736 0.293692
1 0.570312 0.641493 0.111304 0.288773
1 0.463059 0.644821 0.112847 0.258970
2 0.132427 0.606047 0.119020 0.256655
