2 0.426119 0.456163 0.162809 0.267072
2 0.568866 0.453125 0.154321 0.289352
1 0.302951 0.469184 0.125193 0.239873
1 0.197627 0.464699 0.115162 0.255787
1 0.113522 0.456597 0.076582 0.226273
2 0.680170 0.414207 0.103781 0.241030
2 0.765721 0.413050 0.106674 0.264178
1 0.838927 0.382378 0.068287 0.224826
2 0.718268 0.573351 0.074267 0.130498
2 0.638310 0.600839 0.108410 0.140914
2 0.359857 0.634549 0.108218 0.157986
1 0.458333 0.629774 0.087577 0.133391
1 0.548611 0.631221 0.097994 0.117188
1 0.050733 0.445891 0.066744 0.207755
1 0.893519 0.394242 0.048997 0.192419
