2 0.588927 0.412905 0.145062 0.255208
2 0.427662 0.419850 0.154707 0.255208
1 0.303530 0.427951 0.118248 0.221065
2 0.211998 0.429832 0.095293 0.208623
1 0.153839 0.423177 0.086998 0.175637
3 0.697917 0.369792 0.103781 0.186343
1 0.779610 0.370515 0.078125 0.199363
2 0.281443 0.584925 0.086034 0.158275
0 0.456887 0.624132 0.095486 0.202546
1 0.368538 0.607205 0.097801 0.203993
1 0.540123 0.595631 0.087963 0.212095
1 0.630691 0.556713 0.086227 0.233796
1 0.703897 0.548177 0.076003 0.187211
2 0.777392 0.531395 0.073688 0.156539
1 0.209105 0.559028 0.089506 0.144676
1 0.146508 0.537471 0.067323 0.127025
1 0.840181 0.383825 0.067708 0.166956
1 0.831501 0.525463 0.075039 0.165509
