1 0.388600 0.391927 0.156829 0.269387
1 0.532504 0.397280 0.146026 0.263310
0 0.643519 0.399884 0.089120 0.255208
0 0.717207 0.394676 0.082176 0.241898
2 0.262924 0.391204 0.105324 0.202546
0 0.173708 0.374855 0.105903 0.241030
2 0.213735 0.558160 0.089120 0.212963
2 0.298804 0.552951 0.096065 0.189236
2 0.389371 0.561198 0.092014 0.159433
0 0.474344 0.562934 0.084105 0.176794
0 0.559414 0.565249 0.097994 0.194155
0 0.634356 0.561198 0.079668 0.198206
0 0.711806 0.557870 0.089892 0.168981
2 0.103202 0.394676 0.099537 0.207755
1 0.124711 0.545573 0.106674 0.198206
