1 0.299286 0.409288 0.114390 0.186053
1 0.428530 0.408565 0.145255 0.226273
0 0.566937 0.411748 0.132716 0.222801
1 0.690201 0.393808 0.109954 0.225694
1 0.783951 0.409288 0.076775 0.204572
1 0.847608 0.402778 0.065972 0.200231
0 0.201678 0.384983 0.093557 0.212674
1 0.134645 0.378906 0.063657 0.186053
1 0.275656 0.562645 0.094136 0.139757
1 0.370177 0.553241 0.088349 0.129630
0 0.454282 0.562645 0.077160 0.113715
0 0.538966 0.559028 0.082562 0.106481
1 0.628376 0.540509 0.091628 0.156250
1 0.713831 0.566696 0.080054 0.166377
1 0.789448 0.559028 0.080054 0.152778
0 0.202064 0.541667 0.076196 0.113426
1 0.142072 0.499277 0.068866 0.094039
