0 0.561728 0.401186 0.185571 0.369502
0 0.408372 0.416811 0.179398 0.379919
0 0.674190 0.404225 0.126543 0.265625
3 0.786169 0.385706 0.142940 0.298032
3 0.707079 0.675058 0.135995 0.332176
0 0.795718 0.644821 0.103395 0.245660
0 0.528453 0.721644 0.137924 0.284144
0 0.437307 0.698351 0.111883 0.301794
3 0.260706 0.698351 0.133681 0.316840
0 0.350598 0.673322 0.091628 0.317708
0 0.203318 0.354601 0.140432 0.293692
0 0.309703 0.380208 0.103974 0.318287
0 0.945795 0.303385 0.081019 0.198785
3 0.915413 0.540654 0.097415 0.191262
3 0.843364 0.587529 0.096836 0.206308
