0 0.566069 0.394965 0.158758 0.326968
1 0.400270 0.397859 0.161265 0.328704
1 0.261478 0.373553 0.137924 0.310764
1 0.130594 0.336372 0.127701 0.330150
1 0.041184 0.312211 0.081983 0.307292
1 0.687596 0.360822 0.111690 0.281250
1 0.797550 0.333478 0.104360 0.343461
2 0.864873 0.337963 0.068866 0.260417
2 0.559799 0.679832 0.103395 0.248553
1 0.647473 0.667245 0.107832 0.263310
2 0.738812 0.694589 0.119213 0.340567
1 0.253569 0.687355 0.130980 0.319734
1 0.365644 0.685764 0.123650 0.263310
1 0.469425 0.677951 0.109761 0.276042
2 0.821663 0.648727 0.098958 0.269097
2 0.150174 0.646846 0.117091 0.280382
1 0.065104 0.618345 0.102431 0.241319
