2 0.408565 0.432002 0.136574 0.233796
2 0.526331 0.452546 0.125579 0.228588
2 0.620081 0.425781 0.098573 0.217882
2 0.688079 0.413628 0.079090 0.214410
2 0.308642 0.425781 0.104938 0.213831
2 0.237944 0.428385 0.088927 0.196470
1 0.177566 0.421007 0.062307 0.160880
2 0.361400 0.629051 0.092400 0.195602
2 0.436632 0.603009 0.079668 0.157407
2 0.504051 0.612847 0.084105 0.152778
2 0.584394 0.588686 0.070795 0.159433
0 0.653260 0.581163 0.086613 0.169850
1 0.704186 0.561487 0.074653 0.158854
1 0.749614 0.546007 0.062886 0.149884
2 0.756848 0.412471 0.071181 0.182581
2 0.275077 0.560330 0.094907 0.203993
2 0.215471 0.546296 0.064815 0.129630
