0 0.431617 0.330729 0.160687 0.370949
1 0.583912 0.335214 0.159722 0.364873
1 0.688850 0.361690 0.121142 0.291667
1 0.805556 0.393084 0.131173 0.320312
1 0.169464 0.342593 0.130208 0.302662
1 0.288194 0.328270 0.136960 0.343461
1 0.085166 0.403501 0.116705 0.296586
1 0.231096 0.676071 0.149306 0.367188
1 0.351755 0.646846 0.109761 0.332465
1 0.446181 0.665075 0.106867 0.303530
1 0.537519 0.673322 0.097415 0.294560
1 0.619309 0.675058 0.104745 0.323495
1 0.728106 0.697627 0.127508 0.399884
1 0.841628 0.690249 0.100309 0.275174
2 0.102431 0.669994 0.118827 0.277488
1 0.883681 0.435041 0.092593 0.285590
