1 0.422743 0.455584 0.133681 0.223669
2 0.544657 0.442419 0.120177 0.248264
2 0.640046 0.411169 0.084877 0.202546
1 0.294946 0.441117 0.104552 0.226562
2 0.209587 0.409722 0.087384 0.185185
2 0.223283 0.625868 0.089699 0.222801
2 0.425154 0.666088 0.096836 0.219329
3 0.536265 0.681279 0.113812 0.229456
2 0.643133 0.658131 0.098765 0.195891
1 0.703414 0.612269 0.092014 0.176505
1 0.156057 0.583623 0.081404 0.153935
1 0.721258 0.393374 0.080633 0.178530
1 0.778935 0.389757 0.054012 0.184606
2 0.150270 0.387587 0.083333 0.166956
2 0.316937 0.634549 0.098380 0.182292
1 0.747975 0.579716 0.062693 0.151910
