1 0.549383 0.424334 0.159722 0.269965
1 0.398052 0.436198 0.158758 0.285012
2 0.184124 0.417969 0.107832 0.220197
2 0.662133 0.437934 0.092400 0.258970
0 0.740451 0.422020 0.097029 0.235822
1 0.278260 0.429832 0.111304 0.209780
3 0.484279 0.608941 0.080054 0.175058
0 0.572338 0.611979 0.087191 0.184028
0 0.645737 0.609375 0.074653 0.175926
0 0.732253 0.606337 0.091049 0.150752
2 0.225116 0.596644 0.089892 0.202546
2 0.314911 0.586806 0.108218 0.204861
2 0.403164 0.615741 0.081019 0.144097
1 0.148920 0.583767 0.097994 0.169271
2 0.804012 0.439815 0.057870 0.215278
2 0.119888 0.428096 0.073110 0.195891
