0 0.108876 0.225000 0.157247 0.198000
0 0.134641 0.417250 0.157580 0.201500
0 0.190160 0.600000 0.164229 0.197000
0 0.256316 0.756000 0.124335 0.163000
0 0.310838 0.858500 0.109043 0.165000
1 0.916722 0.379250 0.145944 0.212500
2 0.872008 0.543000 0.145612 0.160000
0 0.857713 0.691000 0.130319 0.184000
1 0.831948 0.809250 0.105386 0.191500
2 0.428025 0.915750 0.093418 0.143500
1 0.340924 0.954000 0.114029 0.086000
1 0.482547 0.958000 0.112035 0.080000
1 0.569648 0.941250 0.102061 0.106500
1 0.670047 0.936000 0.104721 0.118000
2 0.733544 0.879250 0.104721 0.195500
