0 0.927859 0.338000 0.144282 0.230000
0 0.140957 0.393750 0.180851 0.216500
0 0.110040 0.175500 0.172872 0.198000
2 0.207114 0.552250 0.126330 0.172500
1 0.248172 0.676750 0.117354 0.165500
1 0.322972 0.794750 0.111370 0.163500
1 0.428524 0.816750 0.091090 0.156500
2 0.767620 0.803000 0.126995 0.192000
2 0.898770 0.535500 0.149934 0.177000
2 0.837267 0.682250 0.126662 0.186500
0 0.938497 0.124000 0.123005 0.190000
1 0.655585 0.804500 0.115027 0.156000
1 0.572806 0.843750 0.101729 0.160500
1 0.506483 0.843750 0.090758 0.189500
