0 0.119016 0.373250 0.162899 0.169500
0 0.172374 0.548750 0.201795 0.209500
0 0.230884 0.709000 0.110705 0.141000
1 0.854555 0.422500 0.160572 0.219000
2 0.816822 0.567750 0.162899 0.142500
2 0.785239 0.712000 0.123005 0.160000
0 0.100399 0.190250 0.162899 0.185500
2 0.263963 0.808750 0.101729 0.159500
1 0.301031 0.927500 0.114694 0.139000
1 0.673703 0.882500 0.102061 0.155000
2 0.385306 0.912750 0.089096 0.127500
2 0.526263 0.939000 0.109043 0.122000
2 0.609375 0.937500 0.095745 0.120000
2 0.760805 0.846000 0.097407 0.169000
2 0.431682 0.948250 0.097407 0.103500
