0 0.250166 0.372750 0.153258 0.196500
0 0.195977 0.172500 0.141955 0.190000
0 0.847739 0.224500 0.189495 0.251000
0 0.807015 0.436500 0.166556 0.228000
0 0.279754 0.554250 0.120013 0.136500
0 0.295047 0.692500 0.116024 0.124000
0 0.781084 0.625250 0.147274 0.155500
3 0.626662 0.913750 0.091755 0.153500
1 0.676031 0.831750 0.106715 0.163500
2 0.764295 0.771250 0.122340 0.161500
0 0.339927 0.811500 0.122008 0.158000
2 0.396277 0.890500 0.095745 0.145000
3 0.471742 0.903250 0.083112 0.128500
3 0.542553 0.913250 0.083112 0.173500
