0 0.230613 0.217065 0.174576 0.257051
0 0.278549 0.398608 0.175154 0.265262
0 0.856964 0.290610 0.178434 0.322028
0 0.916184 0.110853 0.167631 0.215994
1 0.288194 0.618172 0.128858 0.255980
1 0.818480 0.459836 0.171682 0.174938
1 0.791860 0.616387 0.125386 0.223849
3 0.341725 0.715459 0.129823 0.268476
3 0.386092 0.798822 0.122106 0.248126
3 0.450907 0.827562 0.095486 0.221350
3 0.524691 0.831846 0.077160 0.239200
3 0.597512 0.818993 0.076196 0.213495
1 0.666281 0.777044 0.091049 0.213138
3 0.740258 0.704213 0.126350 0.219564
