0 0.181424 0.294560 0.193866 0.234375
2 0.176312 0.495226 0.169367 0.198206
0 0.176312 0.091291 0.192515 0.166377
0 0.868345 0.205874 0.168403 0.245081
0 0.820409 0.441117 0.190972 0.291377
0 0.769194 0.634259 0.147569 0.216435
1 0.723862 0.765914 0.128279 0.187500
0 0.646991 0.840856 0.123843 0.188079
2 0.211998 0.671875 0.127701 0.211806
2 0.274209 0.784867 0.108603 0.188947
1 0.551987 0.890625 0.107446 0.170718
1 0.480421 0.875868 0.095486 0.173032
1 0.410687 0.885417 0.108410 0.164931
1 0.342207 0.833189 0.108410 0.157118
