0 0.797936 0.142650 0.165316 0.188079
0 0.762539 0.334057 0.171682 0.265336
0 0.116319 0.395255 0.194830 0.234375
0 0.064718 0.192708 0.128279 0.243056
0 0.155093 0.572049 0.117284 0.185764
0 0.213735 0.697483 0.121528 0.169271
3 0.720583 0.498553 0.139853 0.170718
2 0.682967 0.633247 0.103202 0.157697
2 0.261671 0.808883 0.099730 0.163484
2 0.642168 0.740596 0.136574 0.158275
1 0.349633 0.859664 0.089699 0.167824
1 0.424672 0.869068 0.089313 0.160590
1 0.512828 0.870515 0.083526 0.163484
1 0.587963 0.820457 0.092593 0.166377
