0 0.131173 0.150608 0.136960 0.203993
2 0.163291 0.344473 0.161458 0.212674
0 0.213445 0.522569 0.109375 0.162037
0 0.258295 0.627315 0.102623 0.185185
1 0.310185 0.719184 0.100309 0.175058
1 0.384645 0.756221 0.088349 0.122975
1 0.452836 0.773148 0.078125 0.110532
1 0.501350 0.720341 0.087191 0.139757
1 0.564525 0.757234 0.082369 0.112269
1 0.643615 0.726562 0.097029 0.153356
1 0.702932 0.631366 0.109568 0.179977
0 0.744117 0.522569 0.114776 0.185185
1 0.799865 0.391927 0.144097 0.229456
2 0.834780 0.258102 0.130208 0.211806
2 0.834298 0.072627 0.121528 0.144676
