0 0.911265 0.126781 0.162423 0.251370
0 0.223573 0.187066 0.177855 0.306175
0 0.271123 0.398064 0.193866 0.282426
0 0.862365 0.312203 0.174576 0.320424
1 0.791474 0.465656 0.154321 0.202046
1 0.784144 0.621301 0.127315 0.250274
3 0.727527 0.729083 0.141397 0.239313
3 0.654900 0.779868 0.094522 0.210815
3 0.585069 0.810559 0.084877 0.232006
3 0.508777 0.822251 0.076196 0.228352
3 0.439911 0.817684 0.087770 0.248447
3 0.369020 0.788089 0.113812 0.265985
3 0.325328 0.700402 0.120177 0.287906
1 0.278839 0.603946 0.135995 0.277676
