2 0.068480 0.073458 0.123457 0.146304
3 0.082948 0.267257 0.142747 0.210751
1 0.116512 0.408827 0.153935 0.237324
1 0.172261 0.539096 0.109954 0.183262
1 0.214410 0.655467 0.101659 0.167379
1 0.274691 0.743280 0.088349 0.150580
1 0.354745 0.781918 0.080633 0.113012
1 0.411362 0.739157 0.083912 0.128283
1 0.464217 0.780696 0.075810 0.118509
1 0.525945 0.760538 0.087384 0.122175
0 0.595390 0.712279 0.088156 0.164936
1 0.643133 0.616219 0.094136 0.187844
1 0.693287 0.494349 0.107639 0.208613
0 0.736883 0.301161 0.144676 0.229688
0 0.754051 0.103390 0.146991 0.200672
