2 0.103202 0.221644 0.158179 0.188079
2 0.132909 0.428819 0.152778 0.229167
2 0.183835 0.589410 0.135031 0.188657
0 0.210359 0.710938 0.108989 0.179977
1 0.276813 0.825955 0.102238 0.169850
1 0.375289 0.859230 0.103202 0.142650
1 0.428723 0.881221 0.070409 0.131655
1 0.489487 0.903356 0.083912 0.122106
1 0.567901 0.881221 0.092207 0.134549
1 0.658083 0.881655 0.104745 0.165509
2 0.739101 0.799913 0.110532 0.172743
3 0.782311 0.683738 0.116705 0.156250
2 0.836516 0.541667 0.138310 0.246528
0 0.869599 0.311921 0.136960 0.240162
