0 0.205343 0.136574 0.145255 0.239583
0 0.241898 0.331163 0.155864 0.221933
0 0.879147 0.395544 0.168789 0.282986
0 0.925058 0.200521 0.124421 0.263310
0 0.835069 0.576678 0.114198 0.167824
2 0.787519 0.708044 0.118634 0.182870
2 0.316647 0.639757 0.095100 0.135995
3 0.287230 0.527922 0.144290 0.152488
1 0.357639 0.752170 0.119985 0.158275
1 0.733603 0.807147 0.113812 0.166956
1 0.416281 0.829138 0.100309 0.160590
1 0.484471 0.866464 0.073881 0.129340
2 0.574171 0.882668 0.080440 0.122975
1 0.653260 0.859230 0.097029 0.160012
