0 0.175058 0.144242 0.130208 0.189525
2 0.195409 0.324942 0.142747 0.199653
0 0.234471 0.504051 0.099344 0.187500
0 0.279996 0.611545 0.098958 0.195312
1 0.320795 0.703414 0.086806 0.182292
1 0.387249 0.739583 0.085841 0.127315
1 0.452836 0.753617 0.070409 0.116609
1 0.498457 0.704861 0.082562 0.135995
1 0.560667 0.748553 0.086227 0.103588
0 0.643422 0.728733 0.091628 0.131655
2 0.705536 0.642506 0.101273 0.157697
2 0.752411 0.540509 0.110918 0.188079
0 0.804012 0.415075 0.138889 0.217882
3 0.850502 0.289931 0.142361 0.230903
2 0.862365 0.102865 0.116705 0.177951
