2 0.130498 0.206742 0.154900 0.216146
2 0.826389 0.176794 0.163580 0.228588
0 0.805363 0.614728 0.158179 0.157118
1 0.809317 0.743056 0.147569 0.182292
2 0.245756 0.496094 0.200231 0.187211
2 0.178916 0.399884 0.207369 0.228009
1 0.269097 0.610388 0.152392 0.200521
0 0.302662 0.715278 0.137346 0.226273
0 0.368056 0.814381 0.102238 0.221933
0 0.772184 0.856047 0.129244 0.221354
3 0.681231 0.890625 0.114390 0.211227
3 0.590567 0.903067 0.093171 0.193866
3 0.500579 0.880208 0.098380 0.200231
3 0.415702 0.915654 0.125386 0.164062
