0 0.266011 0.342303 0.146991 0.214120
1 0.307677 0.519242 0.100309 0.195891
1 0.356674 0.633536 0.097994 0.186053
1 0.401524 0.727286 0.095100 0.169271
1 0.470293 0.772714 0.084877 0.120081
1 0.534433 0.793403 0.074267 0.110532
1 0.586227 0.751736 0.081404 0.138889
1 0.643615 0.792245 0.087384 0.115741
1 0.721258 0.758391 0.096836 0.153356
1 0.786362 0.675492 0.099730 0.175637
0 0.831887 0.561632 0.112847 0.185185
0 0.885417 0.437789 0.142747 0.245949
2 0.924286 0.303385 0.129823 0.238715
2 0.936053 0.110532 0.118634 0.187500
2 0.243827 0.147135 0.146991 0.212674
