3 0.191262 0.161169 0.157600 0.193287
3 0.213445 0.369213 0.180748 0.222801
3 0.276620 0.526910 0.135417 0.153356
3 0.306809 0.651910 0.122492 0.162037
2 0.726755 0.658854 0.095486 0.142361
2 0.756944 0.534433 0.155864 0.194444
3 0.824749 0.368490 0.170718 0.264757
3 0.859375 0.180700 0.181327 0.223669
2 0.357639 0.789497 0.106481 0.163484
0 0.440297 0.812934 0.093557 0.180266
0 0.494117 0.898003 0.084298 0.117188
0 0.565490 0.874421 0.100887 0.120949
0 0.622396 0.807147 0.087384 0.164062
2 0.715760 0.808304 0.110918 0.149016
