0 0.790509 0.127170 0.163966 0.227720
0 0.788773 0.331887 0.172068 0.204861
0 0.765914 0.518519 0.153356 0.211806
0 0.127604 0.529803 0.160687 0.234375
0 0.198785 0.667969 0.112847 0.201100
0 0.724633 0.656684 0.125965 0.157118
0 0.696856 0.792679 0.126350 0.162905
0 0.508295 0.893519 0.082948 0.170718
1 0.240934 0.789062 0.123843 0.206019
1 0.288677 0.885272 0.097029 0.212095
2 0.375675 0.893229 0.089699 0.191551
2 0.442998 0.930556 0.080440 0.138889
2 0.590567 0.892795 0.088156 0.146123
1 0.667728 0.893229 0.088156 0.171296
