0 0.865644 0.288059 0.184221 0.331555
0 0.213638 0.134592 0.161073 0.250308
0 0.252990 0.353098 0.180748 0.272876
0 0.907311 0.104432 0.185378 0.202298
2 0.795042 0.450554 0.165316 0.209274
1 0.790992 0.640952 0.137924 0.275749
1 0.259452 0.569142 0.129244 0.245384
3 0.725405 0.747025 0.134066 0.305704
3 0.651331 0.784161 0.105517 0.283135
3 0.576389 0.824579 0.082948 0.308986
3 0.508102 0.843455 0.083333 0.276980
3 0.430748 0.821502 0.102238 0.278211
1 0.320795 0.698400 0.117670 0.335659
3 0.353781 0.786623 0.105710 0.324990
