0 0.135802 0.126736 0.137346 0.196759
2 0.165413 0.316262 0.157215 0.205440
2 0.195795 0.469329 0.123457 0.158565
0 0.238040 0.589120 0.103781 0.164931
2 0.279225 0.707031 0.091628 0.177951
2 0.358121 0.744936 0.086227 0.162905
2 0.433835 0.762731 0.086420 0.144676
2 0.510320 0.761285 0.083912 0.159144
2 0.579765 0.752170 0.081983 0.139757
2 0.653742 0.717737 0.086420 0.183738
0 0.708912 0.609230 0.100309 0.183738
0 0.745563 0.491753 0.117670 0.175637
2 0.762539 0.334346 0.154321 0.212674
2 0.798129 0.149595 0.149498 0.203125
