2 0.117188 0.268953 0.157215 0.262442
2 0.164931 0.477720 0.175540 0.251736
2 0.898245 0.123843 0.159529 0.208333
3 0.864487 0.328559 0.178819 0.256076
0 0.843268 0.506221 0.124035 0.187211
1 0.800347 0.647280 0.097994 0.168403
0 0.742188 0.768374 0.107060 0.149016
0 0.659819 0.851273 0.101273 0.142361
1 0.575907 0.897135 0.110918 0.143229
0 0.191069 0.649595 0.128279 0.185764
1 0.256366 0.769531 0.104552 0.195891
0 0.324653 0.879051 0.121528 0.196759
0 0.394483 0.900463 0.123457 0.175926
0 0.481578 0.908420 0.098958 0.145544
