0 0.226755 0.131460 0.168789 0.232397
0 0.260224 0.331252 0.169367 0.249046
1 0.279032 0.527229 0.133681 0.179674
0 0.850984 0.317725 0.181906 0.298300
0 0.907890 0.133195 0.170332 0.256677
2 0.774306 0.469997 0.154707 0.187999
1 0.768519 0.622615 0.155864 0.193548
1 0.704861 0.708984 0.133488 0.159556
3 0.315683 0.637704 0.134452 0.227194
1 0.361015 0.732223 0.115162 0.183836
1 0.418113 0.782171 0.107060 0.187999
1 0.490066 0.802116 0.072338 0.151578
1 0.634934 0.766216 0.089313 0.128339
1 0.559221 0.789629 0.075617 0.157822
