0 0.788966 0.288484 0.217978 0.297454
2 0.782504 0.477575 0.171103 0.180845
2 0.804880 0.085938 0.222801 0.149884
0 0.090760 0.215422 0.181134 0.246817
0 0.125386 0.452691 0.190972 0.247975
2 0.187211 0.637587 0.135995 0.180845
2 0.223573 0.783854 0.134259 0.213542
1 0.308738 0.844039 0.126350 0.214699
1 0.400077 0.891204 0.097994 0.170139
1 0.490258 0.888455 0.119020 0.175058
1 0.558546 0.888166 0.110918 0.162905
1 0.610822 0.830584 0.106674 0.175058
2 0.689236 0.774306 0.113812 0.190972
0 0.756269 0.651910 0.151427 0.202546
