2 0.854167 0.356481 0.169753 0.243634
2 0.808546 0.535880 0.151813 0.263889
2 0.106385 0.155382 0.181906 0.208912
0 0.125482 0.356047 0.174576 0.201100
2 0.877315 0.170862 0.146605 0.169271
3 0.149788 0.523293 0.116319 0.157697
1 0.186439 0.642940 0.093171 0.164352
1 0.241416 0.784722 0.105517 0.171296
0 0.309896 0.837818 0.092014 0.157697
1 0.401042 0.908854 0.085262 0.118634
0 0.482060 0.920428 0.104552 0.133102
0 0.575617 0.918113 0.103781 0.133102
0 0.646316 0.895689 0.110918 0.154803
1 0.713735 0.802807 0.133102 0.184317
1 0.765143 0.697193 0.141397 0.198785
