2 0.216628 0.616609 0.131173 0.173611
2 0.266686 0.734375 0.124421 0.193866
2 0.326968 0.841869 0.109954 0.195891
0 0.442033 0.854167 0.099730 0.127894
0 0.552276 0.853009 0.115741 0.170718
2 0.664545 0.817274 0.106096 0.194734
2 0.745370 0.730179 0.121142 0.227141
2 0.784433 0.600984 0.135610 0.199074
2 0.801601 0.469763 0.145640 0.177951
0 0.175637 0.476128 0.174576 0.195312
0 0.121817 0.276910 0.155671 0.193287
0 0.816262 0.296152 0.158758 0.183738
0 0.830729 0.119213 0.164545 0.161458
0 0.088542 0.092448 0.130787 0.158275
