0 0.160687 0.278096 0.152392 0.220548
0 0.205440 0.462941 0.117670 0.191323
1 0.250579 0.557246 0.105710 0.215426
1 0.293981 0.661193 0.098765 0.227478
1 0.364101 0.691172 0.085841 0.171738
1 0.428819 0.727779 0.082948 0.137692
1 0.487076 0.667068 0.079090 0.174751
1 0.540123 0.733052 0.094522 0.145224
0 0.625289 0.719042 0.092014 0.164206
1 0.689911 0.650949 0.098958 0.197951
0 0.736400 0.551973 0.103202 0.219946
0 0.794078 0.434770 0.127894 0.253691
2 0.846644 0.345887 0.125772 0.238626
2 0.854649 0.130762 0.118634 0.210907
0 0.156829 0.105152 0.142747 0.192829
