3 0.188368 0.239728 0.124035 0.177951
3 0.250579 0.384693 0.156636 0.190104
3 0.298322 0.541233 0.158758 0.206887
3 0.365355 0.637876 0.138503 0.171586
3 0.404900 0.740885 0.096836 0.160590
2 0.451678 0.820457 0.091242 0.120081
0 0.536555 0.802083 0.080440 0.110532
0 0.594425 0.890625 0.082369 0.141782
0 0.658275 0.849103 0.095486 0.149595
0 0.697434 0.769531 0.091628 0.171586
2 0.781539 0.770978 0.095100 0.162905
2 0.797454 0.634259 0.108410 0.123843
2 0.804012 0.535880 0.127315 0.148148
3 0.847801 0.396267 0.167824 0.243924
3 0.857735 0.218316 0.154900 0.186053
