0 0.150270 0.201678 0.136574 0.191551
0 0.891686 0.250434 0.135995 0.224248
0 0.831694 0.448351 0.151042 0.212095
2 0.177758 0.402054 0.166474 0.164062
1 0.217303 0.558304 0.108603 0.105035
2 0.259066 0.679398 0.106096 0.153356
0 0.780575 0.607494 0.107446 0.143808
0 0.729649 0.724682 0.091628 0.157118
2 0.295235 0.795862 0.095486 0.140336
2 0.351659 0.854456 0.090664 0.095486
2 0.429784 0.888166 0.077160 0.077257
2 0.515143 0.898293 0.080054 0.093461
2 0.597029 0.883102 0.088735 0.096065
2 0.676698 0.833912 0.086806 0.122106
