0 0.504726 0.930122 0.111304 0.139757
0 0.625772 0.927951 0.114198 0.144097
2 0.297068 0.634983 0.108025 0.145544
2 0.330150 0.769531 0.124807 0.198785
2 0.388985 0.878762 0.112461 0.162616
2 0.747106 0.897859 0.113812 0.190972
2 0.837288 0.811921 0.128279 0.237269
2 0.885417 0.687500 0.142747 0.217014
2 0.913677 0.535880 0.153742 0.175926
0 0.204765 0.270399 0.170332 0.203414
0 0.177758 0.074074 0.145255 0.141782
0 0.249132 0.473235 0.178048 0.206887
0 0.927758 0.362269 0.144483 0.228009
0 0.940586 0.152199 0.118827 0.185185
