0 0.858410 0.423032 0.169753 0.274306
0 0.899402 0.195891 0.149498 0.252315
0 0.120563 0.116319 0.173611 0.191551
3 0.141879 0.317130 0.176505 0.251736
1 0.168306 0.512008 0.120563 0.152488
1 0.217785 0.654948 0.110340 0.166377
1 0.817515 0.610098 0.150463 0.172164
1 0.765625 0.724682 0.115355 0.166956
1 0.696856 0.849103 0.132137 0.168692
1 0.272087 0.781829 0.107060 0.179977
1 0.348958 0.853009 0.092978 0.156250
2 0.438175 0.910590 0.105517 0.171296
1 0.525945 0.914497 0.090085 0.140336
3 0.619213 0.885995 0.108025 0.178819
