3 0.132909 0.707321 0.161651 0.214988
3 0.100598 0.845486 0.157600 0.178819
1 0.160880 0.561198 0.136574 0.151331
1 0.203800 0.447917 0.133681 0.159144
2 0.244117 0.330150 0.120563 0.185185
2 0.313754 0.244068 0.095872 0.154803
2 0.413291 0.226273 0.118634 0.158565
2 0.534433 0.234954 0.120563 0.152778
2 0.642940 0.266493 0.109954 0.144676
1 0.711034 0.375868 0.117284 0.170718
1 0.748939 0.510561 0.149498 0.164062
1 0.794657 0.611256 0.125965 0.151331
1 0.817998 0.734809 0.155285 0.157118
3 0.847608 0.875579 0.173225 0.173611
