0 0.907890 0.796730 0.153742 0.169271
0 0.861111 0.653501 0.177083 0.232928
0 0.805941 0.480613 0.146605 0.162037
0 0.750386 0.358362 0.142747 0.143229
1 0.700328 0.208912 0.122492 0.179977
1 0.600405 0.105469 0.128279 0.172743
2 0.482060 0.078414 0.144290 0.141782
2 0.350116 0.074363 0.144676 0.135417
2 0.260706 0.151042 0.124807 0.168403
2 0.183160 0.226562 0.139853 0.179977
0 0.138503 0.364294 0.152392 0.160880
3 0.095197 0.489005 0.152971 0.175926
0 0.091435 0.646123 0.182485 0.233796
0 0.085359 0.824074 0.168017 0.196181
