3 0.207176 0.640625 0.139468 0.211806
3 0.167824 0.812283 0.130208 0.175781
3 0.824797 0.872179 0.155382 0.188802
2 0.252025 0.489149 0.125000 0.145833
1 0.286024 0.388238 0.113715 0.143663
2 0.330584 0.260200 0.088252 0.131510
0 0.394097 0.177083 0.089699 0.134549
0 0.482060 0.151259 0.104745 0.164497
0 0.588976 0.160590 0.109086 0.172743
0 0.675347 0.204427 0.093171 0.131944
2 0.713108 0.314019 0.104456 0.147135
2 0.723814 0.448351 0.117188 0.138021
2 0.783854 0.700738 0.127315 0.161024
2 0.764757 0.565104 0.106481 0.123264
