3 0.207465 0.549312 0.144676 0.234708
3 0.160446 0.708393 0.149016 0.211475
3 0.126736 0.866287 0.141204 0.213371
0 0.800637 0.719298 0.154514 0.203888
0 0.791522 0.587008 0.119502 0.143196
1 0.766927 0.463727 0.136863 0.152679
0 0.759404 0.313182 0.124132 0.172119
3 0.303385 0.280228 0.123553 0.199147
2 0.353154 0.153390 0.109086 0.173068
0 0.415509 0.080844 0.095486 0.155998
0 0.518374 0.081081 0.120081 0.156472
0 0.630787 0.091275 0.112847 0.162636
0 0.716725 0.166193 0.104167 0.159791
1 0.837963 0.908013 0.155671 0.174490
